Leakage 
******** Layer 0 ********
LLC : 4.40663141
SA(w/oPCIe) : 0.100205958556
PCIe : 0.12708304114
******** Layer 1 ********
core : 5.35070496667
SA(w/oPCIe) : 0.015574533148
PCIe : 0.01975190962
******** Layer 2 ********
core : 2.71304163333
SA(w/oPCIe) : 0.007894472748
PCIe : 0.01009437682
******** Layer 3 ********
core : 2.71304163333
SA(w/oPCIe) : 0.007894472748
PCIe : 0.01009437682
