Leakage 
******** Layer 0 ********
LLC : 8.44779141
SA(w/oPCIe) : 0.191892674556
PCIe : 0.24237718714
******** Layer 1 ********
core : 10.2449383
SA(w/oPCIe) : 0.029824961148
PCIe : 0.03767152762
******** Layer 2 ********
core : 5.35070496667
SA(w/oPCIe) : 0.015574533148
PCIe : 0.01975190962
******** Layer 3 ********
core : 5.35070496667
SA(w/oPCIe) : 0.015574533148
PCIe : 0.01975190962
