Leakage 
******** Layer 0 ********
LLC : 1.73802e-05
SA(w/oPCIe) : 0.133482176212
PCIe : 0.257538886
******** Layer 1 ********
core : 16.1676
SA(w/oPCIe) : 0.020746496596
PCIe : 0.040028038
******** Layer 2 ********
core : 16.1676
SA(w/oPCIe) : 0.020746496596
PCIe : 0.040028038
******** Layer 3 ********
core : 16.1676
SA(w/oPCIe) : 0.020746496596
PCIe : 0.040028038
