Leakage 
******** Layer 0 ********
LLC : 2.22871141
SA(w/oPCIe) : 0.05077004416
PCIe : 0.06494683954
******** Layer 1 ********
core : 2.11154213333
SA(w/oPCIe) : 0.00789094528
PCIe : 0.01009437682
******** Layer 2 ********
core : 2.11154213333
SA(w/oPCIe) : 0.00789094528
PCIe : 0.01009437682
******** Layer 3 ********
core : 2.11154213333
SA(w/oPCIe) : 0.00789094528
PCIe : 0.01009437682
