Leakage 
******** Layer 0 ********
LLC : 1.50457e-05
SA(w/oPCIe) : 0.133449981038
PCIe : 0.257538886
******** Layer 1 ********
core : 12.1404666667
SA(w/oPCIe) : 0.020741492654
PCIe : 0.040028038
******** Layer 2 ********
core : 12.1404666667
SA(w/oPCIe) : 0.020741492654
PCIe : 0.040028038
******** Layer 3 ********
core : 12.1404666667
SA(w/oPCIe) : 0.020741492654
PCIe : 0.040028038
