Leakage 
******** Layer 0 ********
LLC : 1.57450141
SA(w/oPCIe) : 0.035932365546
PCIe : 0.04628240914
******** Layer 1 ********
core : 1.1419189
SA(w/oPCIe) : 0.005584795818
PCIe : 0.00719345362
******** Layer 2 ********
core : 1.1419189
SA(w/oPCIe) : 0.005584795818
PCIe : 0.00719345362
******** Layer 3 ********
core : 1.1419189
SA(w/oPCIe) : 0.005584795818
PCIe : 0.00719345362
