Leakage 
******** Layer 0 ********
LLC : 3.034e-05
SA(w/oPCIe) : 0.133448990092
PCIe : 0.257538886
******** Layer 1 ********
core : 8.76576666667
SA(w/oPCIe) : 0.020741338636
PCIe : 0.040028038
******** Layer 2 ********
core : 8.76576666667
SA(w/oPCIe) : 0.020741338636
PCIe : 0.040028038
******** Layer 3 ********
core : 8.76576666667
SA(w/oPCIe) : 0.020741338636
PCIe : 0.040028038
