Leakage 
******** Layer 0 ********
LLC : 4.40663141
SA(w/oPCIe) : 0.100207396212
PCIe : 0.12708304114
******** Layer 1 ********
core : 5.5676058
SA(w/oPCIe) : 0.015574756596
PCIe : 0.01975190962
******** Layer 2 ********
core : 5.5676058
SA(w/oPCIe) : 0.015574756596
PCIe : 0.01975190962
******** Layer 3 ********
core : 2.82281246667
SA(w/oPCIe) : 0.007894579596
PCIe : 0.01009437682
