Leakage 
******** Layer 0 ********
LLC : 1.57450141
SA(w/oPCIe) : 0.035950515612
PCIe : 0.04628240914
******** Layer 1 ********
core : 1.99833246667
SA(w/oPCIe) : 0.005587616796
PCIe : 0.00719345362
******** Layer 2 ********
core : 1.99833246667
SA(w/oPCIe) : 0.005587616796
PCIe : 0.00719345362
******** Layer 3 ********
core : 1.99833246667
SA(w/oPCIe) : 0.005587616796
PCIe : 0.00719345362
