Leakage 
******** Layer 0 ********
LLC : 2.22871141
SA(w/oPCIe) : 0.050793427212
PCIe : 0.06494683954
******** Layer 1 ********
core : 2.82281246667
SA(w/oPCIe) : 0.007894579596
PCIe : 0.01009437682
******** Layer 2 ********
core : 2.82281246667
SA(w/oPCIe) : 0.007894579596
PCIe : 0.01009437682
******** Layer 3 ********
core : 1.99833246667
SA(w/oPCIe) : 0.005587616796
PCIe : 0.00719345362
