Leakage 
******** Layer 0 ********
LLC : 2.22871141
SA(w/oPCIe) : 0.050794665042
PCIe : 0.06494683954
******** Layer 1 ********
core : 3.02139963333
SA(w/oPCIe) : 0.007894771986
PCIe : 0.01009437682
******** Layer 2 ********
core : 3.02139963333
SA(w/oPCIe) : 0.007894771986
PCIe : 0.01009437682
******** Layer 3 ********
core : 2.13870296667
SA(w/oPCIe) : 0.005587756186
PCIe : 0.00719345362
