Leakage 
******** Layer 0 ********
LLC : 1.57450141
SA(w/oPCIe) : 0.035951412442
PCIe : 0.04628240914
******** Layer 1 ********
core : 2.13870296667
SA(w/oPCIe) : 0.005587756186
PCIe : 0.00719345362
******** Layer 2 ********
core : 2.13870296667
SA(w/oPCIe) : 0.005587756186
PCIe : 0.00719345362
******** Layer 3 ********
core : 2.13870296667
SA(w/oPCIe) : 0.005587756186
PCIe : 0.00719345362
