Leakage 
******** Layer 0 ********
LLC : 4.40663141
SA(w/oPCIe) : 0.100209725242
PCIe : 0.12708304114
******** Layer 1 ********
core : 5.95998963333
SA(w/oPCIe) : 0.015575118586
PCIe : 0.01975190962
******** Layer 2 ********
core : 5.95998963333
SA(w/oPCIe) : 0.015575118586
PCIe : 0.01975190962
******** Layer 3 ********
core : 3.02139963333
SA(w/oPCIe) : 0.007894771986
PCIe : 0.01009437682
