Leakage 
******** Layer 0 ********
LLC : 1.39232141
SA(w/oPCIe) : 0.031817810442
PCIe : 0.04108468254
******** Layer 1 ********
core : 1.8928863
SA(w/oPCIe) : 0.004945290186
PCIe : 0.00638559582
******** Layer 2 ********
core : 1.8928863
SA(w/oPCIe) : 0.004945290186
PCIe : 0.00638559582
******** Layer 3 ********
core : 1.8928863
SA(w/oPCIe) : 0.004945290186
PCIe : 0.00638559582
