Leakage 
******** Layer 0 ********
LLC : 1.45801e-05
SA(w/oPCIe) : 0.133449774392
PCIe : 0.257538886
******** Layer 1 ********
core : 18.0178333333
SA(w/oPCIe) : 0.020741460536
PCIe : 0.040028038
******** Layer 2 ********
core : 18.0178333333
SA(w/oPCIe) : 0.020741460536
PCIe : 0.040028038
******** Layer 3 ********
core : 18.0178333333
SA(w/oPCIe) : 0.020741460536
PCIe : 0.040028038
