Leakage 
******** Layer 0 ********
LLC : 1.49826e-05
SA(w/oPCIe) : 0.133449760752
PCIe : 0.257538886
******** Layer 1 ********
core : 9.8338
SA(w/oPCIe) : 0.020741458416
PCIe : 0.040028038
******** Layer 2 ********
core : 9.8338
SA(w/oPCIe) : 0.020741458416
PCIe : 0.040028038
******** Layer 3 ********
core : 9.8338
SA(w/oPCIe) : 0.020741458416
PCIe : 0.040028038
