Leakage 
******** Layer 0 ********
LLC : 4.40663141
SA(w/oPCIe) : 0.10013705746
PCIe : 0.12708304114
******** Layer 1 ********
core : 3.4797956
SA(w/oPCIe) : 0.01556382418
PCIe : 0.01975190962
******** Layer 2 ********
core : 3.4797956
SA(w/oPCIe) : 0.01556382418
PCIe : 0.01975190962
******** Layer 3 ********
core : 1.7660456
SA(w/oPCIe) : 0.00788903198
PCIe : 0.01009437682
