Leakage 
******** Layer 0 ********
LLC : 2.22871141
SA(w/oPCIe) : 0.05075773406
PCIe : 0.06494683954
******** Layer 1 ********
core : 1.7660456
SA(w/oPCIe) : 0.00788903198
PCIe : 0.01009437682
******** Layer 2 ********
core : 1.7660456
SA(w/oPCIe) : 0.00788903198
PCIe : 0.01009437682
******** Layer 3 ********
core : 1.7660456
SA(w/oPCIe) : 0.00788903198
PCIe : 0.01009437682
