Leakage 
******** Layer 0 ********
LLC : 1.49826e-05
SA(w/oPCIe) : 0.133449970126
PCIe : 0.257538886
******** Layer 1 ********
core : 13.9951333333
SA(w/oPCIe) : 0.020741490958
PCIe : 0.040028038
******** Layer 2 ********
core : 13.9951333333
SA(w/oPCIe) : 0.020741490958
PCIe : 0.040028038
******** Layer 3 ********
core : 13.9951333333
SA(w/oPCIe) : 0.020741490958
PCIe : 0.040028038
