Leakage 
******** Layer 0 ********
LLC : 1.57450141
SA(w/oPCIe) : 0.03592518886
PCIe : 0.04628240914
******** Layer 1 ********
core : 1.25126893333
SA(w/oPCIe) : 0.00558368038
PCIe : 0.00719345362
******** Layer 2 ********
core : 1.25126893333
SA(w/oPCIe) : 0.00558368038
PCIe : 0.00719345362
******** Layer 3 ********
core : 1.25126893333
SA(w/oPCIe) : 0.00558368038
PCIe : 0.00719345362
