Leakage 
******** Layer 0 ********
LLC : 1.70705e-05
SA(w/oPCIe) : 0.133481279382
PCIe : 0.257538886
******** Layer 1 ********
core : 11.5333666667
SA(w/oPCIe) : 0.020746357206
PCIe : 0.040028038
******** Layer 2 ********
core : 11.5333666667
SA(w/oPCIe) : 0.020746357206
PCIe : 0.040028038
******** Layer 3 ********
core : 11.5333666667
SA(w/oPCIe) : 0.020746357206
PCIe : 0.040028038
