Leakage 
******** Layer 0 ********
LLC : 8.44779141
SA(w/oPCIe) : 0.19180415914
PCIe : 0.24237718714
******** Layer 1 ********
core : 7.6257979
SA(w/oPCIe) : 0.02981120362
PCIe : 0.03767152762
******** Layer 2 ********
core : 3.9839979
SA(w/oPCIe) : 0.01556734762
PCIe : 0.01975190962
******** Layer 3 ********
core : 3.9839979
SA(w/oPCIe) : 0.01556734762
PCIe : 0.01975190962
