Leakage 
******** Layer 0 ********
LLC : 4.40663141
SA(w/oPCIe) : 0.10015972714
PCIe : 0.12708304114
******** Layer 1 ********
core : 3.9839979
SA(w/oPCIe) : 0.01556734762
PCIe : 0.01975190962
******** Layer 2 ********
core : 2.0212779
SA(w/oPCIe) : 0.00789081702
PCIe : 0.01009437682
******** Layer 3 ********
core : 2.0212779
SA(w/oPCIe) : 0.00789081702
PCIe : 0.01009437682
