Leakage 
******** Layer 0 ********
LLC : 8.44779141
SA(w/oPCIe) : 0.191889940418
PCIe : 0.24237718714
******** Layer 1 ********
core : 9.8402041
SA(w/oPCIe) : 0.029824536194
PCIe : 0.03767152762
******** Layer 2 ********
core : 5.13953743333
SA(w/oPCIe) : 0.015574309594
PCIe : 0.01975190962
******** Layer 3 ********
core : 5.13953743333
SA(w/oPCIe) : 0.015574309594
PCIe : 0.01975190962
