Leakage 
******** Layer 0 ********
LLC : 4.40663141
SA(w/oPCIe) : 0.100204520218
PCIe : 0.12708304114
******** Layer 1 ********
core : 5.13953743333
SA(w/oPCIe) : 0.015574309594
PCIe : 0.01975190962
******** Layer 2 ********
core : 2.60616076667
SA(w/oPCIe) : 0.007894355194
PCIe : 0.01009437682
******** Layer 3 ********
core : 2.60616076667
SA(w/oPCIe) : 0.007894355194
PCIe : 0.01009437682
