Leakage 
******** Layer 0 ********
LLC : 2.22871141
SA(w/oPCIe) : 0.050791983418
PCIe : 0.06494683954
******** Layer 1 ********
core : 2.60616076667
SA(w/oPCIe) : 0.007894355194
PCIe : 0.01009437682
******** Layer 2 ********
core : 2.60616076667
SA(w/oPCIe) : 0.007894355194
PCIe : 0.01009437682
******** Layer 3 ********
core : 1.84519076667
SA(w/oPCIe) : 0.005587455994
PCIe : 0.00719345362
