Leakage 
******** Layer 0 ********
LLC : 1.74068e-05
SA(w/oPCIe) : 0.13348190614
PCIe : 0.257538886
******** Layer 1 ********
core : 15.4194
SA(w/oPCIe) : 0.02074645462
PCIe : 0.040028038
******** Layer 2 ********
core : 15.4194
SA(w/oPCIe) : 0.02074645462
PCIe : 0.040028038
******** Layer 3 ********
core : 15.4194
SA(w/oPCIe) : 0.02074645462
PCIe : 0.040028038
