Leakage 
******** Layer 0 ********
LLC : 0.0
SA(w/oPCIe) : 0.0
PCIe : 0.0
******** Layer 1 ********
core : 0.0
SA(w/oPCIe) : 0.0
PCIe : 0.0
******** Layer 2 ********
core : 5.13953743333
SA(w/oPCIe) : 0.015574309594
PCIe : 0.01975190962
******** Layer 3 ********
core : 5.13953743333
SA(w/oPCIe) : 0.015574309594
PCIe : 0.01975190962
