Leakage 
******** Layer 0 ********
LLC : 2.22871141
SA(w/oPCIe) : 0.05079411535
PCIe : 0.06494683954
******** Layer 1 ********
core : 2.40101256667
SA(w/oPCIe) : 0.00789468655
PCIe : 0.01009437682
******** Layer 2 ********
core : 2.40101256667
SA(w/oPCIe) : 0.00789468655
PCIe : 0.01009437682
******** Layer 3 ********
core : 2.40101256667
SA(w/oPCIe) : 0.00789468655
PCIe : 0.01009437682
