Leakage 
******** Layer 0 ********
LLC : 4.40663141
SA(w/oPCIe) : 0.10020876635
PCIe : 0.12708304114
******** Layer 1 ********
core : 4.73417923333
SA(w/oPCIe) : 0.01557496955
PCIe : 0.01975190962
******** Layer 2 ********
core : 2.40101256667
SA(w/oPCIe) : 0.00789468655
PCIe : 0.01009437682
******** Layer 3 ********
core : 2.40101256667
SA(w/oPCIe) : 0.00789468655
PCIe : 0.01009437682
