Leakage 
******** Layer 0 ********
LLC : 1.47291e-05
SA(w/oPCIe) : 0.133449905336
PCIe : 0.257538886
******** Layer 1 ********
core : 14.0440666667
SA(w/oPCIe) : 0.020741480888
PCIe : 0.040028038
******** Layer 2 ********
core : 14.0440666667
SA(w/oPCIe) : 0.020741480888
PCIe : 0.040028038
******** Layer 3 ********
core : 14.0440666667
SA(w/oPCIe) : 0.020741480888
PCIe : 0.040028038
