Leakage 
******** Layer 0 ********
LLC : 1.57450141
SA(w/oPCIe) : 0.03595106735
PCIe : 0.04628240914
******** Layer 1 ********
core : 1.7001759
SA(w/oPCIe) : 0.00558770255
PCIe : 0.00719345362
******** Layer 2 ********
core : 1.7001759
SA(w/oPCIe) : 0.00558770255
PCIe : 0.00719345362
******** Layer 3 ********
core : 1.7001759
SA(w/oPCIe) : 0.00558770255
PCIe : 0.00719345362
