Leakage 
******** Layer 0 ********
LLC : 1.75356e-05
SA(w/oPCIe) : 0.133481273244
PCIe : 0.257538886
******** Layer 1 ********
core : 10.358
SA(w/oPCIe) : 0.020746356252
PCIe : 0.040028038
******** Layer 2 ********
core : 10.358
SA(w/oPCIe) : 0.020746356252
PCIe : 0.040028038
******** Layer 3 ********
core : 10.358
SA(w/oPCIe) : 0.020746356252
PCIe : 0.040028038
