Leakage 
******** Layer 0 ********
LLC : 4.40663141
SA(w/oPCIe) : 0.100182876948
PCIe : 0.12708304114
******** Layer 1 ********
core : 3.64286293333
SA(w/oPCIe) : 0.015570945684
PCIe : 0.01975190962
******** Layer 2 ********
core : 3.64286293333
SA(w/oPCIe) : 0.015570945684
PCIe : 0.01975190962
******** Layer 3 ********
core : 1.8485896
SA(w/oPCIe) : 0.007892644884
PCIe : 0.01009437682
