Leakage 
******** Layer 0 ********
LLC : 8.44779141
SA(w/oPCIe) : 0.191848450948
PCIe : 0.24237718714
******** Layer 1 ********
core : 6.9721296
SA(w/oPCIe) : 0.029818087684
PCIe : 0.03767152762
******** Layer 2 ********
core : 3.64286293333
SA(w/oPCIe) : 0.015570945684
PCIe : 0.01975190962
******** Layer 3 ********
core : 3.64286293333
SA(w/oPCIe) : 0.015570945684
PCIe : 0.01975190962
