Leakage 
******** Layer 0 ********
LLC : 2.22871141
SA(w/oPCIe) : 0.050780979348
PCIe : 0.06494683954
******** Layer 1 ********
core : 1.8485896
SA(w/oPCIe) : 0.007892644884
PCIe : 0.01009437682
******** Layer 2 ********
core : 1.8485896
SA(w/oPCIe) : 0.007892644884
PCIe : 0.01009437682
******** Layer 3 ********
core : 1.8485896
SA(w/oPCIe) : 0.007892644884
PCIe : 0.01009437682
