Leakage 
******** Layer 0 ********
LLC : 3.07476e-05
SA(w/oPCIe) : 0.133480596018
PCIe : 0.257538886
******** Layer 1 ********
core : 14.6368333333
SA(w/oPCIe) : 0.020746250994
PCIe : 0.040028038
******** Layer 2 ********
core : 14.6368333333
SA(w/oPCIe) : 0.020746250994
PCIe : 0.040028038
******** Layer 3 ********
core : 14.6368333333
SA(w/oPCIe) : 0.020746250994
PCIe : 0.040028038
