Leakage 
******** Layer 0 ********
LLC : 4.40663141
SA(w/oPCIe) : 0.100206643284
PCIe : 0.12708304114
******** Layer 1 ********
core : 4.93474693333
SA(w/oPCIe) : 0.015574639572
PCIe : 0.01975190962
******** Layer 2 ********
core : 4.93474693333
SA(w/oPCIe) : 0.015574639572
PCIe : 0.01975190962
******** Layer 3 ********
core : 2.5025236
SA(w/oPCIe) : 0.007894526172
PCIe : 0.01009437682
