Leakage 
******** Layer 0 ********
LLC : 2.22871141
SA(w/oPCIe) : 0.050793083484
PCIe : 0.06494683954
******** Layer 1 ********
core : 2.5025236
SA(w/oPCIe) : 0.007894526172
PCIe : 0.01009437682
******** Layer 2 ********
core : 2.5025236
SA(w/oPCIe) : 0.007894526172
PCIe : 0.01009437682
******** Layer 3 ********
core : 1.77193026667
SA(w/oPCIe) : 0.005587573972
PCIe : 0.00719345362
