Leakage 
******** Layer 0 ********
LLC : 1.57450141
SA(w/oPCIe) : 0.035950240084
PCIe : 0.04628240914
******** Layer 1 ********
core : 1.77193026667
SA(w/oPCIe) : 0.005587573972
PCIe : 0.00719345362
******** Layer 2 ********
core : 1.77193026667
SA(w/oPCIe) : 0.005587573972
PCIe : 0.00719345362
******** Layer 3 ********
core : 1.77193026667
SA(w/oPCIe) : 0.005587573972
PCIe : 0.00719345362
