Leakage 
******** Layer 0 ********
LLC : 4.40663141
SA(w/oPCIe) : 0.10015808352
PCIe : 0.12708304114
******** Layer 1 ********
core : 3.81083033333
SA(w/oPCIe) : 0.01556709216
PCIe : 0.01975190962
******** Layer 2 ********
core : 1.93363033333
SA(w/oPCIe) : 0.00789068876
PCIe : 0.01009437682
******** Layer 3 ********
core : 1.93363033333
SA(w/oPCIe) : 0.00789068876
PCIe : 0.01009437682
