Leakage 
******** Layer 0 ********
LLC : 1.73345e-05
SA(w/oPCIe) : 0.13348194365
PCIe : 0.257538886
******** Layer 1 ********
core : 10.9544333333
SA(w/oPCIe) : 0.02074646045
PCIe : 0.040028038
******** Layer 2 ********
core : 10.9544333333
SA(w/oPCIe) : 0.02074646045
PCIe : 0.040028038
******** Layer 3 ********
core : 10.9544333333
SA(w/oPCIe) : 0.02074646045
PCIe : 0.040028038
